0.023400
0.022600
0.023400
0.023600
0.023400
0.023500
0.023600
0.023800
0.023500
0.023600
0.023300
0.023700
0.024000
0.024400
0.024000
0.024100
0.024400
0.024300
0.024500
0.024200
0.024500
0.024200
0.023900
0.024000
0.023900
0.025500
0.025600
0.025500
0.024900
0.025000
0.027100
0.028000
0.029800
0.030100
0.030000
0.028600
0.028000
0.027700
0.028700
0.028900
0.026300
0.029300
0.029100
0.026400
0.028400
0.028000
0.026100
0.025400
0.025500
0.025000
0.026400
0.026000
0.025700
0.024300
0.024700
0.023200
0.023100
0.022800
0.022200
0.022900
0.022600
0.022900
0.023000
0.023100
0.022800
0.022600
0.022500
0.022300
0.022200
0.021900
0.021800
0.021700
0.021900
0.021500
0.021700
0.021900
0.021800
0.021700
0.021500
0.021300
0.021900
0.022200
0.021900
0.023000
0.023400
0.023300
0.023200
0.023100
0.022400
0.022600
0.022800
0.022900
0.022800
0.020700
0.020500
0.020400
0.020500
0.020400
0.020800
0.020700
0.020800
0.021700
0.021800
0.022000
0.021900
0.020700
0.020000
0.019900
0.020000
0.019900
0.020000
0.020100
0.020200
0.020500
0.020600
0.020800
0.020900
0.020800
0.021300
0.021100
0.020900
0.021100
0.021400
0.022300
0.022600
0.021800
0.021900
0.022000
0.021900
0.020800
0.020400
0.020200
0.020300
0.020700
0.021500
0.022400
0.022600
0.023300
0.023900
0.024000
0.021500
0.021200
0.021100
0.020700
0.020500
0.020600
0.020500
0.020800
0.021000
0.022100
0.022400
0.021500
0.022100
0.030000
0.021300
0.022500
0.021300
0.030000
0.020600
0.019900
0.019800
0.019900
0.019800
0.019900
0.020000
0.019800
0.019900
0.019800
0.019900
0.019800
0.020200
0.020300
0.020500
0.021000
0.020800
0.020900
0.020700
0.019500
0.019400
0.019300
0.019800
0.020000
0.020100
0.020000
0.020200
0.020300
0.020000
0.020800
0.022500
0.022200
0.021400
0.022200
0.021800
0.021700
0.020900
0.020800
0.020700
0.020000
0.019200
0.019000
0.018900
0.019100
0.019200
0.019100
0.019200
0.019100
0.019300
0.019400
0.019300
0.019200
0.019300
0.019100
0.018900
0.031700
0.031900
0.032300
0.032700
0.033100
0.038400
0.040700
0.042300
0.037500
0.038600
0.037900
0.034300
0.033400
0.033600
0.033400
0.033900
0.019700
0.019900
0.019800
0.020000
0.020300
0.020200
0.020300
0.020200
0.020000
0.019800
0.019700
0.019800
0.020200
0.021200
0.021400
0.021600
0.023000
0.022700
0.020700
0.021400
0.021300
0.020800
0.020600
0.021900
0.020300
0.020700
0.020800
0.021600
0.021300
0.020400
0.020300
0.019800
0.019700
0.019800
0.019900
0.020300
0.020500
0.020400
0.020500
0.020400
0.021500
0.022200
0.022100
0.022400
0.021300
0.021400
0.021100
0.021200
0.021100
0.020600
0.020200
0.020500
0.020300
0.019600
0.019500
0.019400
0.019800
0.019900
0.020000
0.019700
0.019200
0.019300
0.019600
0.032400
0.036000
0.040000
0.035000
0.034600
0.035600
0.035800
0.034800
0.034400
0.034000
0.032800
0.038000
0.036000
0.034600
0.035000
0.036500
0.036300
0.037400
0.033700
0.030900
0.030300
0.030200
0.030300
0.030000
0.029800
0.030000
0.030300
0.019200
0.019400
0.019200
0.019300
0.019400
0.025000
0.026500
0.026600
0.026700
0.026600
0.026100
0.025400
0.025300
0.025100
0.024900
0.024800
0.024600
0.024700
0.024600
0.024800
0.024900
0.024800
0.024700
0.024800
0.024700
0.025100
0.025200
0.025600
0.025500
0.025300
0.025000
0.025600
0.023600
0.023300
0.023200
0.023500
0.023800
0.023900
0.023800
0.023600
0.023500
0.023300
0.023200
0.023300
0.023200
0.023100
0.023000
0.023200
0.023400
0.023600
0.024100
0.024200
0.024300
0.024500
0.024300
0.024000
0.023900
0.023200
0.024800
0.027300
0.027400
0.038400
0.038600
0.038400
0.039000
0.039500
0.053100
0.050000
0.044500
0.029900
0.028600
0.027800
0.029400
0.029200
0.029100
0.029200
0.030000
0.031000
0.031100
0.030400
0.029900
0.028400
0.028500
0.028600
0.033800
0.033000
0.034200
0.035500
0.036700
0.036500
0.034500
0.034400
0.034500
0.034700
0.033700
0.032300
0.032500
0.031700
0.028400
0.028500
0.028700
0.028300
0.028600
0.028300
0.028100
0.028400
0.028000
0.027900
0.028000
0.028300
0.028200
0.028600
0.028300
0.028600
0.028800
0.029300
0.029900
0.030000
0.030100
0.030000
0.028600
0.028100
0.028400
0.028200
0.028500
0.028900
0.029400
0.029700
0.029800
0.030000
0.029800
0.029200
0.028800
0.027700
0.028000
0.028400
0.028800
0.030000
0.028400
0.027800
0.027900
0.028100
0.027900
0.030000
0.029800
0.030300
0.030800
0.031500
0.032300
0.032000
0.029700
0.029400
0.027500
0.027400
0.028100
0.029200
0.029600
0.029700
0.030500
0.029900
0.028800
0.028400
0.028200
0.028100
0.028000
0.028100
0.028300
0.028700
0.029700
0.030000
0.030100
0.030000
0.030100
0.030000
0.029600
0.028400
0.027800
0.027700
0.027600
0.028100
0.028300
0.029500
0.029700
0.029300
0.027700
0.028100
0.027800
0.028300
0.028700
0.029300
0.029900
0.029400
0.028300
0.027800
0.027700
0.027500
0.027700
0.027800
0.027700
0.028900
0.030000
0.030100
0.030000
0.028700
0.027800
0.028000
0.027900
0.027800
0.028100
0.029700
0.028900
0.027600
0.027800
0.028800
0.029600
0.029700
0.030100
0.030300
0.030000
0.028300
0.028000
0.028600
0.028100
0.027900
0.028000
0.028300
0.028200
0.028000
0.028200
0.028300
0.030000
0.030100
0.030000
0.029000
0.028000
0.028200
0.028500
0.028600
0.028800
0.029500
0.030000
0.029700
0.030000
0.027900
0.027700
0.027800
0.028300
0.029700
0.029900
0.030000
0.028400
0.028000
0.026900
0.026700
0.026900
0.027100
0.027000
0.027200
0.027100
0.027700
0.028100
0.028600
0.028800
0.029000
0.027800
0.028700
0.029000
0.028800
0.028900
0.029000
0.031300
0.031500
0.029200
0.028800
0.028300
0.028600
0.028800
0.028600
0.028900
0.028600
0.028700
0.029700
0.030200
0.028700
0.030200
0.030600
0.030200
0.030100
0.030600
0.030500
0.033400
0.033600
0.034000
0.033600
0.032800
0.033000
0.030200
0.030000
0.030200
0.030600
0.034000
0.034200
0.030300
0.030200
0.030500
0.038600
0.039300
0.038000
0.036100
0.036600
0.036100
0.032800
0.031800
0.032800
0.033200
0.033400
0.032700
0.032500
0.030600
0.034200
0.034600
0.034200
0.032000
0.031000
0.032000
0.034200
0.031200
0.034200
0.043200
0.038600
0.041500
0.034000
0.033200
0.040300
0.041500
0.039600
0.033400
0.033000
0.035300
0.034900
0.033000
0.036100
0.035800
0.036100
0.035100
0.033800
0.032800
0.034600
0.036100
0.040700
0.032800
0.037400
0.037100
0.038300
0.035300
0.031300
0.031500
0.031200
0.033600
0.035300
0.035100
0.035800
0.036100
0.036300
0.031600
0.031300
0.031500
0.031600
0.031800
0.032000
0.031800
0.031600
0.032000
0.031800
0.032000
0.031800
0.032000
0.031800
0.031500
0.031200
0.031500
0.031200
0.031000
0.028100
0.026700
0.027700
0.028700
0.028900
0.027300
0.026700
0.026600
0.026400
0.026500
0.026600
0.027100
0.027000
0.027200
0.026900
0.026700
0.021600
0.021700
0.021600
0.021700
0.021600
0.035800
0.035700
0.035800
0.036100
0.035800
0.037900
0.037400
0.037600
0.038300
0.040600
0.040800
0.041600
0.041900
0.042400
0.042100
0.041300
0.042000
0.023000
0.022900
0.023300
0.022900
0.022700
0.022800
0.023000
0.022900
0.023000
0.022900
0.023000
0.024000
0.023900
0.023600
0.024400
0.024000
0.023600
0.023800
0.023600
0.022800
0.022700
0.022900
0.022800
0.022600
0.022400
0.022500
0.022600
0.022500
0.023000
0.023600
0.023800
0.023700
0.023400
0.023000
0.023300
0.022800
0.022600
0.022300
0.022800
0.022700
0.022900
0.022700
0.022600
0.022700
0.021400
0.021600
0.021400
0.021300
0.021400
0.021600
0.021400
0.021300
0.021500
0.021700
0.021500
0.021700
0.022400
0.022600
0.022000
0.021600
0.021800
